              VAR78         VAR79        VAR134        VAR157        VAR164  
count  59112.000000  59112.000000  59112.000000  59112.000000  59112.000000   
mean       0.041899      0.016586  93810.494829     68.094098      0.442297   
std        0.122218      0.050877   1110.801611     20.268233      0.400495   
min        0.000000      0.000000  90345.875000      6.348233      0.000000   
25%        0.000000      0.000000  92904.671875     52.996803      0.014224   
50%        0.003159      0.000127  94011.093750     71.272995      0.367180   
75%        0.034485      0.007374  94676.125000     85.338207      0.892060   
max        4.103422      0.820470  96317.125000    102.838364      1.000008   

             VAR165        VAR166        VAR167        VAR169        VAR175  
count  59112.000000  59112.000000  59112.000000  5.911200e+04  5.911200e+04   
mean       0.771363     -0.266127    285.239371  1.226033e+07  1.380132e+07   
std        2.457004      1.997156      7.018864  6.610766e+06  7.743237e+06   
min       -8.908603     -8.404230    269.436279  1.147127e+05  8.216176e+05   
25%       -0.739636     -1.608943    279.939514  7.318222e+06  7.258113e+06   
50%        0.386829     -0.420534    284.494629  1.103479e+07  1.366837e+07   
75%        2.166183      0.950577    289.752991  1.718342e+07  1.999846e+07   
max       13.056718     10.710998    310.458496  3.462558e+07  3.467366e+07   

             VAR178        VAR228         POWER  
count  5.911200e+04  59112.000000  59112.000000  
mean   1.435861e+07      0.001013      0.183711  
std    7.064918e+06      0.003435      0.272524  
min    6.465230e+05      0.000000      0.000000  
25%    9.236506e+06      0.000000      0.000000  
50%    1.311384e+07      0.000000      0.002525  
75%    1.976043e+07      0.000263      0.322379  
max    3.772200e+07      0.055961      1.003550  